3010
4952
4232
7479
7790
6392
9625
6616
6078
8175
3205
9330
3251
3547
5341
6498
7496
9476
3481
5779
6594
2707
5639
3194
4465
7099
6301
9951
6339
2088
1598
9050
4155
8629
7030
6787
8311
7186
3412
6963
4025
5319
4669
8798
6906
8939
3484
5381
5164
2268
4984
8254
6233
2287
2264
5843
7721
1987
2249
1490
2316
4400
2131
3797
3784
4353
4377
6148
6523
3735
7557
9430
3899
5818
8901
2536
6607
5662
9438
2624
6590
8808
9908
5303
3716
6033
9037
1861
9321
8366
3381
8820
7118
1176
9705
5246
2477
4800
4818
8951
2791
4533
7072
8292
4860
5988
7874
5200
5371
6526
1707
4553
2038
3104
8785
1512
7448
3729
4891
6359
3833
4056
1228
7603
7776
9162
4509
4115
9150
3197
5895
7699
3348
1562
7096
7014
9420
4058
1694
3253
9426
4275
7450
3252
3858
2624
4229
2046
8260
4249
9931
8098
5423
4401
6675
1320
5344
6752
8676
9475
3594
5899
6332
6641
3934
5107
9150
2323
7984
9076
5319
6063
1408
7296
9781
2459
4428
7393
5868
9597
6330
6603
1331
2677
1089
3199
7381
3832
7545
6316
7554
4742
9878
4946
8043
6435
2670
7102
7759
7856
6008
7555
9983
1020
7334
6614
3000
3257
5919
2737
5042
3255
8678
6961
9266
8658
9343
1754
2486
3205
2364
6013
9578
5674
3101
4014
8367
1317
6679
3924
5575
4104
7770
1587
4009
6067
2322
4297
3192
8936
6227
5651
5237
6824
5575
3177
9655
9242
2183
1914
8710
8011
2967
7399
9935
1932
6721
6851
4442
1849
3483
1028
7147
6417
9144
8262
6718
3713
5987
2539
2551
5133
8136
5296
8537
3061
5380
3079
4107
1325
6624
4545
9331
6645
3463
6793
9848
5179
9974
6764
4924
9673
5376
2746
2259
2282
3847
7709
8368
3937
3988
4807
2483
9292
4991
1826
7631
2418
3116
6213
9694
6853
4922
1713
1946
7713
1583
6923
4490
1661
6865
8286
7671
4688
8859
8478
3967
4551
1534
3037
9181
3801
5263
2896
4785
4843
8057
3014
6111
9765
6741
3535
4240
7947
1269
1681
4725
2876
2836
3842
