5208
3180
9562
7427
3449
4398
7520
3799
6235
4830
7727
1466
5472
6855
1703
8738
9885
4132
6088
5454
1785
5629
7531
4911
8283
4866
2011
7890
9644
5583
8336
4436
5014
3344
6198
5432
1433
5541
6240
7811
8555
4915
5504
2173
2283
1269
3804
1139
4566
9357
7323
5374
7410
9762
6712
4845
2937
7879
4262
8709
6023
8570
9531
9166
5306
7524
9583
8551
1663
6897
6553
9040
5099
7064
2451
6158
9585
8592
3191
7973
6947
4748
7905
3763
5275
3439
2375
8417
2048
8469
4447
6882
7451
1475
3660
2343
9846
9036
5168
8321
2305
5391
9166
3200
3431
7446
2430
4034
6863
1555
8322
6503
5261
8143
2468
4799
3936
7702
2396
7517
4894
7817
8154
9552
9920
3586
6768
3435
2439
4512
3507
2572
4637
4905
1149
9377
1043
7413
5920
2423
6865
1131
9186
8033
4798
5684
2731
4760
9586
6487
5369
5331
1649
1263
4607
1821
4106
5550
6589
6414
6250
2411
7244
4936
6710
4847
7909
7616
4776
3260
7803
1706
7569
1184
1164
7721
3020
6116
5788
9375
5284
7040
1660
7645
7925
4000
1804
8396
1920
3014
7766
9120
5921
3303
4002
4466
9002
8653
5052
8399
