1052
8307
8931
4497
3848
2340
9882
5555
8331
1186
4855
2321
7454
8376
9766
2575
1973
6625
6538
7620
5633
6924
3960
2731
5925
1021
2827
3423
1412
1009
8683
1377
8119
2887
4932
8215
7168
7933
1487
1604
5251
8257
3155
4313
1599
2745
8491
3175
3038
2682
2662
9430
8954
3547
8257
4890
9106
8441
6935
9551
7821
5490
4832
4524
5708
1286
4640
2378
5510
7812
5417
3345
7956
2588
2964
6248
1072
1624
5633
3883
9554
9115
3134
3114
2898
3383
9410
3261
5992
6709
9469
4483
6785
9636
2481
3427
1234
1823
2489
6970
